2903273 5531462
5446 1009 1009
13018431 40326265 39283223
9288550 3611503
51202588
NULL NULL NULL
4707004 4605924 17292650
NULL NULL NULL
11609917
4614338 4614338
368974600 74354790 74354790
17561203 174430435 4210542
NULL NULL
9283
442325593 1184854314 1154890850
NULL NULL NULL
NULL NULL
441594326 32133538 26910180
145006299 88675841 69052269
4507904
NULL NULL NULL
NULL NULL
NULL
NULL NULL
107205629
21807173 3930724 2707236
316035 2866713
390244221 257322739 390244221
312864 114510
25466802
23837508 33633996 23837508
23091093
1539505 1151394
NULL
9112962 9112962
80614
28008615 48059419
1759535 665970
3143145 3143145 33931977
1887241 1965454
NULL
388732 1416979
8507881 8507881 8981460
532383
14686184 23540677 14686184
92953377 178667867
NULL
NULL NULL NULL
