26471471 32529228
5446 1009 1009
29135602 91583653 88882641
25051896 9858800
901484476
NULL NULL NULL
259810147 260063086 775713964
187144 1037755 187144
1771728631
22768554 22768554
4634707202 627289012 627289012
41316024 267394881 9912745
NULL NULL
9283
760138874 2429557874 2398222310
NULL NULL NULL
NULL NULL
3245935825 293229010 306461398
1510929990 929958314 723488913
106881341
10015629 6526112 6526112
NULL NULL
81073
231345 264945
177908227
65331873 18594249 12523295
747023 7972123
3091581492 3107666054 3091581492
4620268025 1050989006
234844180
23837739 33634717 23837739
1391812988
38521495 39055810
