26471098 32529744
5446 1009 1009
31755791 99911351 96934578
24596726 9677364
901484168
NULL NULL NULL
281760078 282480696 841875780
187144 1037755 187144
1445123138
22767084 22767084
4635246175 627362804 627362804
37096780 264814803 8891484
NULL NULL
9283
657612970 2144165437 2113833973
NULL NULL NULL
NULL NULL
3538546672 319416138 334237678
1334559619 822658864 639034987
106898521
10015629 6526112 6526112
NULL NULL
81073
265717 299090
179170057
65331873 18594249 12523295
747023 7972123
3377907428 3395412246 3377907428
4537187467 1033034084
231686005
23833407 33625789 23833407
1252358534
42175629 42772328
